0,0,0,4,4,1
0,1,0,4,1,1
0,2,0,4,1,1
0,3,0,4,1,1
0,4,0,4,1,1
0,5,0,4,1,1
0,6,0,4,1,1
0,7,0,4,1,1
0,8,0,4,1,1
0,9,0,4,1,1
0,10,0,4,1,1
0,11,0,4,1,1
0,12,0,4,1,1
0,13,0,4,1,1
1,0,0,3,4,3
1,1,0,1,3,3
1,2,1,1,3,3
1,3,0,1,3,3
1,4,1,1,3,3
1,5,0,1,3,3
1,6,1,1,3,3
1,7,0,1,3,3
1,8,1,1,3,3
1,9,1,1,3,3
1,10,0,1,3,3
1,11,1,1,3,3
1,12,0,1,3,3
1,13,0,1,3,3
2,0,0,3,4,3
2,1,0,3,3,3
2,2,1,3,3,3
2,3,0,3,3,3
2,4,1,3,3,3
2,5,0,3,3,3
2,6,1,3,3,3
2,7,0,3,3,3
2,8,1,3,3,3
2,9,1,3,3,3
2,10,0,3,3,3
2,11,1,3,3,3
2,12,0,3,3,3
2,13,0,3,3,3
3,0,0,3,4,3
3,1,0,3,3,3
3,2,1,3,3,3
3,3,0,3,3,3
3,4,1,3,3,3
3,5,0,3,3,3
3,6,1,3,3,3
3,7,0,3,3,3
3,8,1,3,3,3
3,9,1,3,3,3
3,10,0,3,3,3
3,11,1,3,3,3
3,12,0,3,3,3
3,13,0,3,3,3
4,0,0,3,4,3
4,1,0,3,3,3
4,2,1,3,3,3
4,3,0,3,3,3
4,4,1,3,3,3
4,5,0,3,3,3
4,6,1,3,3,3
4,7,0,3,3,3
4,8,1,3,3,3
4,9,1,3,3,3
4,10,0,3,3,3
4,11,1,3,3,3
4,12,0,3,3,3
4,13,0,3,3,3
5,0,0,3,4,3
5,1,0,3,3,3
5,2,1,3,3,3
5,3,0,3,3,3
5,4,1,3,3,3
5,5,0,3,3,3
5,6,1,3,3,3
5,7,0,3,3,3
5,8,1,3,3,3
5,9,1,3,3,3
5,10,0,3,3,3
5,11,1,3,3,3
5,12,0,3,3,3
5,13,0,3,3,3
6,0,0,3,4,3
6,1,0,3,3,3
6,2,1,3,3,3
6,3,0,3,3,3
6,4,1,3,3,3
6,5,0,3,3,3
6,6,1,3,3,3
6,7,0,3,3,3
6,8,1,3,3,3
6,9,1,3,3,3
6,10,3,3,3,3
6,11,3,3,3,3
6,12,0,3,3,3
6,13,0,3,3,3
7,0,0,3,4,3
7,1,0,3,3,3
7,2,1,3,3,3
7,3,0,3,3,3
7,4,1,3,3,3
7,5,0,3,3,3
7,6,1,3,3,3
7,7,0,3,3,3
7,8,1,3,3,3
7,9,1,3,3,3
7,10,3,3,3,3
7,11,3,3,3,3
7,12,0,3,3,3
7,13,0,3,3,3
8,0,0,3,4,3
8,1,0,3,3,3
8,2,1,3,3,3
8,3,0,3,3,3
8,4,1,3,3,3
8,5,0,3,3,3
8,6,1,3,3,3
8,7,0,3,3,3
8,8,1,3,3,3
8,9,1,3,3,3
8,10,3,3,3,3
8,11,3,3,3,3
8,12,0,3,3,3
8,13,0,3,3,3
9,0,0,3,4,3
9,1,0,3,3,3
9,2,1,3,3,3
9,3,0,3,3,3
9,4,1,3,3,3
9,5,0,3,3,3
9,6,1,3,3,3
9,7,0,3,3,3
9,8,1,3,3,3
9,9,1,3,3,3
9,10,0,3,3,3
9,11,3,3,3,3
9,12,0,3,3,3
9,13,0,3,3,3
10,0,0,3,4,3
10,1,0,3,3,3
10,2,1,3,3,3
10,3,0,3,3,3
10,4,1,3,3,3
10,5,0,3,3,3
10,6,1,3,3,3
10,7,0,3,3,3
10,8,1,3,3,3
10,9,1,3,3,3
10,10,0,3,3,3
10,11,3,3,3,3
10,12,0,3,3,3
10,13,0,3,3,3
11,0,0,3,4,3
11,1,0,3,3,3
11,2,1,3,3,3
11,3,0,3,3,3
11,4,1,3,3,3
11,5,0,3,3,3
11,6,1,3,3,3
11,7,0,3,3,3
11,8,1,3,3,3
11,9,1,3,3,3
11,10,0,3,3,3
11,11,3,3,3,3
11,12,0,3,3,3
11,13,0,3,3,3
12,0,0,3,4,3
12,1,0,3,3,3
12,2,1,3,3,3
12,3,0,3,3,3
12,4,1,3,3,3
12,5,0,3,3,3
12,6,1,3,3,3
12,7,0,3,3,3
12,8,1,3,3,3
12,9,1,3,3,3
12,10,0,3,3,3
12,11,3,3,3,3
12,12,0,3,3,3
12,13,0,3,3,3
13,0,0,3,4,3
13,1,0,3,3,3
13,2,1,3,3,3
13,3,0,3,3,3
13,4,1,3,3,3
13,5,0,3,3,3
13,6,1,3,3,3
13,7,0,3,3,3
13,8,1,3,3,3
13,9,1,3,3,3
13,10,0,3,3,3
13,11,3,3,3,3
13,12,0,3,3,3
13,13,0,3,3,3
14,0,0,3,4,3
14,1,0,3,3,3
14,2,1,3,3,3
14,3,0,3,3,3
14,4,1,3,3,3
14,5,0,3,3,3
14,6,1,3,3,3
14,7,0,3,3,3
14,8,1,3,3,3
14,9,1,3,3,3
14,10,0,3,3,3
14,11,3,3,3,3
14,12,0,3,3,3
14,13,0,3,3,3
15,0,0,3,4,3
15,1,0,3,3,3
15,2,1,3,3,3
15,3,0,3,3,3
15,4,1,3,3,3
15,5,0,3,3,3
15,6,1,3,3,3
15,7,0,3,3,3
15,8,1,3,3,3
15,9,1,3,3,3
15,10,3,3,3,3
15,11,1,3,3,3
15,12,0,3,3,3
15,13,0,3,3,3
16,0,0,3,4,3
16,1,0,3,3,3
16,2,1,3,3,3
16,3,0,3,3,3
16,4,1,3,3,3
16,5,0,3,3,3
16,6,1,3,3,3
16,7,0,3,3,3
16,8,1,3,3,3
16,9,1,3,3,3
16,10,3,3,3,3
16,11,1,3,3,3
16,12,0,3,3,3
16,13,0,3,3,3
17,0,0,3,4,3
17,1,0,3,3,3
17,2,1,3,3,3
17,3,0,3,3,3
17,4,1,3,3,3
17,5,0,3,3,3
17,6,1,3,3,3
17,7,0,3,3,3
17,8,1,3,3,3
17,9,1,3,3,3
17,10,3,3,3,3
17,11,1,3,3,3
17,12,0,3,3,3
17,13,0,3,3,3
18,0,0,3,4,3
18,1,0,3,3,3
18,2,1,3,3,3
18,3,0,3,3,3
18,4,1,3,3,3
18,5,0,3,3,3
18,6,1,3,3,3
18,7,0,3,3,3
18,8,1,3,3,3
18,9,1,3,3,3
18,10,3,3,3,3
18,11,1,3,3,3
18,12,0,3,3,3
18,13,0,3,3,3
19,0,0,3,4,3
19,1,0,3,3,3
19,2,1,3,3,3
19,3,0,3,3,3
19,4,1,3,3,3
19,5,0,3,3,3
19,6,1,3,3,3
19,7,0,3,3,3
19,8,1,3,3,3
19,9,1,3,3,3
19,10,3,3,3,3
19,11,1,3,3,3
19,12,0,3,3,3
19,13,0,3,3,3
20,0,0,3,4,3
20,1,0,3,3,3
20,2,1,3,3,3
20,3,0,3,3,3
20,4,1,3,3,3
20,5,0,3,3,3
20,6,1,3,3,3
20,7,0,3,3,3
20,8,1,3,3,3
20,9,1,3,3,3
20,10,3,3,3,3
20,11,1,3,3,3
20,12,0,3,3,3
20,13,0,3,3,3
21,0,0,3,4,3
21,1,0,3,3,3
21,2,1,3,3,3
21,3,0,3,3,3
21,4,1,3,3,3
21,5,0,3,3,3
21,6,1,3,3,3
21,7,0,3,3,3
21,8,1,3,3,3
21,9,1,3,3,3
21,10,3,3,3,3
21,11,1,3,3,3
21,12,0,3,3,3
21,13,0,3,3,3
